scene_name=[temple]
camera=[0, 0, 0, 0, 0, 0]
intensity=[0.3]
shadow=[yes]
shine=[yes]
ambient_light=[10, 0, 0, 0, 0, 0, 1, 1, 1]
light=[-10, 0, 0, 0, 0, 0, 1, 1, 1]
plane=[0, -6, 0, 0, 1, 0, 0.9, 0.9, 0.9]
plane=[0, 5, 0, 0, -1, 0, 0.2, 0.2, 0.2]
plane=[0, 0, -70, 0, 0, 1, 0.6, 0.6, 1]
cylinder=[-6, 0, -24, 0, 1, 0, 1, 0, 0.7, 0.7, 0.7]
sphere=[-6, -6, -24, 2, 0.7, 0.7, 0.7]
sphere=[-6, 5, -24, 2, 0.7, 0.7, 0.7]
cylinder=[6, 0, -24, 0, 1, 0, 1, 0, 0.7, 0.7, 0.7]
sphere=[6, -6, -24, 2, 0.7, 0.7, 0.7]
sphere=[6, 5, -24, 2, 0.7, 0.7, 0.7]
cylinder=[-5, 0, -43, 0, 1, 0, 1, 0, 0.7, 0.7, 0.7]
sphere=[-5, -6, -43, 2, 0.7, 0.7, 0.7]
sphere=[-5, 5, -43, 2, 0.7, 0.7, 0.7]
cylinder=[5, 0, -43, 0, 1, 0, 1, 0, 0.7, 0.7, 0.7]
sphere=[5, -6, -43, 2, 0.7, 0.7, 0.7]
sphere=[5, 5, -43, 2, 0.7, 0.7, 0.7]
sphere=[0, -4, -25, 1, 1, 0, 0]
